0.033657 1.000531
0.092875 0.977980
0.103639 0.979738
0.124629 0.990877
0.317002 0.975086
0.341620 0.968878
0.417095 0.937595
0.420928 0.950820
0.436722 0.927504
0.449641 0.951981
0.473591 0.938778
0.530099 0.955098
0.565120 0.954336
0.676640 0.951708
0.762944 0.936416
0.792513 0.956861
0.823904 0.972382
0.823923 0.937990
0.846311 0.943244
0.893548 0.944012
0.997619 0.966437
1.027834 0.976355
1.093206 0.983541
1.110875 0.971854
1.233081 1.007140
1.300415 1.002585
1.364543 1.001599
1.382435 1.014724
1.433947 1.031689
1.454254 1.025833
1.483374 1.020792
1.502365 1.023876
1.557908 1.026523
1.561167 1.028525
1.613800 1.043821
1.648108 1.045780
1.661841 1.050098
1.714471 1.031144
1.741896 1.050778
1.785179 1.035971
1.863049 1.060515
1.888686 1.029665
1.910109 1.046559
1.929398 1.039814
1.968247 1.053904
2.011567 1.064530
2.067362 1.069453
2.142849 1.041171
2.218016 1.038782
2.262271 1.022615
2.433620 1.012742
2.435554 0.998416
2.623155 0.989359
2.632465 0.983849
2.667523 0.985660
2.697827 0.974494
2.716602 0.965587
2.732926 0.987199
2.740118 0.974369
2.772631 0.971897
2.837902 0.967648
2.880338 0.965701
2.896495 0.966158
2.907395 0.956293
2.996816 0.937843
3.010875 0.941998
3.023995 0.962970
3.120366 0.938231
3.191532 0.953890
3.196750 0.951390
3.256264 0.945777
3.338344 0.974010
3.349603 0.950074
3.412359 0.972145
3.422645 0.960231
3.469559 0.972222
3.683418 0.991587
3.721080 0.989082
3.759704 1.000567
3.809535 1.003237
3.857723 1.010660
4.008684 1.015122
4.061483 1.032477
4.152465 1.041812
4.240532 1.048267
4.495818 1.048168
4.524526 1.057177
4.530384 1.025495
4.635921 1.035935
4.763955 1.016259
4.840273 1.002443
5.120320 0.982326
5.156821 0.976096
5.157476 0.999088
5.188939 0.970158
5.199913 0.975461
5.227850 0.986329
5.246313 0.971166
5.412529 0.962604
5.418567 0.973141
5.535684 0.970077
5.560192 0.966805
5.571097 0.934325
5.579284 0.958916
5.711417 0.946324
5.742024 0.963389
5.765198 0.950803
5.798589 0.948675
5.929115 0.959410
5.989713 0.968846
6.072474 0.995254
6.105013 0.977040
6.158318 0.980522
6.199791 0.990686
6.279725 0.982385
6.299367 1.012023
6.303798 1.000249
6.356595 1.024074
6.391764 1.011162
6.398106 1.013894
6.415218 1.015720
6.457430 1.027147
6.466550 1.045007
6.466866 1.022894
6.533541 1.027127
6.582317 1.058013
6.720938 1.049986
6.874629 1.036360
6.925101 1.060748
7.186570 1.032721
7.204047 1.005838
7.215503 1.028171
7.216297 1.018100
7.228506 1.029705
7.248030 1.040970
7.267238 1.027916
7.271807 1.012785
7.380465 1.022855
7.400214 1.009326
7.429054 1.011749
7.515639 1.001476
7.582677 1.002231
7.608880 0.995820
7.635852 0.999885
7.653308 0.970143
7.752076 0.979957
7.834812 0.966079
7.860484 0.964738
8.005335 0.959068
8.012254 0.951631
8.157237 0.967672
8.258859 0.935488
8.331840 0.957931
8.423004 0.982250
8.426350 0.955731
8.454261 0.982959
8.565528 0.974239
8.683747 0.978664
8.700005 0.990758
8.829133 1.014249
8.837377 0.992298
8.842915 1.015252
8.905846 1.028350
8.911223 1.015723
9.060474 1.032627
9.102060 1.037901
9.113102 1.039571
9.146610 1.049919
9.147252 1.068606
9.209665 1.053098
9.295569 1.045108
9.418950 1.055714
9.428770 1.034496
9.525055 1.047302
9.584513 1.048618
9.612303 1.049797
9.667821 1.031503
9.754127 1.037126
9.786071 1.013178
9.795183 1.014032
9.798463 1.022890
10.069888 0.985691
10.162354 0.967373
10.245463 0.954609
10.306857 0.964802
10.316404 0.982071
10.317935 0.968630
10.379643 0.958509
10.402372 0.961608
10.432104 0.961504
10.441563 0.949979
10.507127 0.943060
10.652789 0.936346
10.654747 0.954758
10.658008 0.941153
10.754785 0.963007
10.776933 0.979131
10.872069 0.976399
10.926852 0.958914
10.951622 0.966236
10.958678 0.976951
10.994754 0.971192
11.006182 0.963266
11.108353 0.993460
11.119854 0.976508
11.126075 0.987170
11.145506 1.002278
11.232524 1.002844
11.267881 1.007497
11.351773 1.023382
11.485903 1.023179
11.515449 1.042691
11.615496 1.041428
11.631949 1.030863
11.844966 1.050660
12.014066 1.031551
12.086385 1.069503
12.105137 1.036281
12.198902 1.036705
12.301357 1.025752
12.458266 0.990391
12.483854 1.014203
12.526759 0.981760
12.528676 0.986532
12.577031 0.985195
12.683576 0.981245
12.690341 0.973831
12.728936 0.950543
12.842303 0.950267
12.880088 0.952126
13.119280 0.957949
13.285666 0.938818
13.338735 0.946011
13.401768 0.970690
13.559126 0.977015
13.747900 1.001532
13.805392 1.004250
13.807502 1.019978
13.901454 1.028701
13.958012 1.024242
13.988538 1.012146
13.997283 1.027180
14.269053 1.037731
14.416628 1.039656
14.432432 1.047368
14.538079 1.043539
14.665133 1.033607
14.729985 1.034264
14.742567 1.001454
14.844903 1.023254
15.021130 0.984285
15.070606 0.993644
15.098961 0.976518
15.114618 0.979186
15.265110 0.955104
15.328198 0.944495
15.389944 0.968776
15.451209 0.946544
15.497756 0.928627
15.520672 0.927693
15.536737 0.938144
15.542064 0.957703
15.582587 0.926026
15.596295 0.958956
15.670652 0.950717
15.713442 0.949576
15.717353 0.945925
15.898561 0.948496
16.288618 1.013219
16.307536 1.028710
16.308262 1.013722
16.309633 1.007996
16.358170 1.031501
16.375619 1.032133
16.549417 1.035910
16.555863 1.040292
16.606720 1.020012
16.612089 1.043827
16.697927 1.053041
16.729040 1.050319
16.817344 1.038931
17.210005 1.049449
17.310825 1.022308
17.534575 0.994961
17.544882 0.981018
17.546544 0.980053
17.595211 0.974206
17.647798 0.976384
17.703323 0.968253
17.711084 0.977141
17.786514 0.962560
17.873390 0.984130
17.914938 0.950822
17.922268 0.970240
18.020135 0.941188
18.059935 0.951854
18.083421 0.957809
18.138912 0.949315
18.238581 0.961516
18.247569 0.967504
18.261415 0.948960
18.267829 0.963259
18.267869 0.955059
18.314994 0.960791
18.552142 0.987560
18.612869 0.992592
18.639371 0.993734
18.765669 1.005825
18.794962 1.001822
18.902596 1.002635
18.916955 1.020434
19.035158 1.034207
19.256577 1.049838
19.274389 1.052711
19.292708 1.037855
19.316591 1.053836
19.475431 1.040195
19.776316 1.018143
19.807779 1.011614
19.845393 1.001404
20.071163 0.988518
20.073589 0.975439
20.204331 0.961430
20.292176 0.965036
20.300682 0.975459
20.387082 0.961673
20.399043 0.967956
20.514969 0.951647
20.655680 0.945388
20.660606 0.943694
20.663076 0.960807
20.696192 0.968555
20.737430 0.954403
20.741205 0.958231
20.744863 0.970569
20.751015 0.959170
20.753625 0.964317
20.757070 0.964001
20.851458 0.948128
20.960037 0.975700
21.133221 0.992166
21.167384 0.996179
21.175360 1.009372
21.258088 1.006150
21.258954 1.012988
21.344798 1.036620
21.459157 1.017031
21.474184 1.046035
21.479416 1.039780
21.696198 1.022396
21.736850 1.055101
21.766444 1.043858
21.783036 1.037947
21.791916 1.062130
21.989420 1.041325
22.067560 1.041875
22.080703 1.040451
22.083695 1.024665
22.176446 1.033006
22.222694 1.032368
22.267405 1.023605
22.296509 1.015061
22.412375 1.013865
22.436885 0.986713
22.445822 0.969041
22.476842 0.997984
22.589201 0.981090
22.595339 0.979146
22.727516 0.957034
22.807380 0.935734
22.908690 0.960814
22.953671 0.957103
23.103264 0.956460
23.108845 0.943598
23.146457 0.943690
23.278073 0.943182
23.365424 0.965502
23.572870 0.995993
23.601910 0.993315
23.634956 0.980590
23.636908 0.975269
23.670748 0.994723
23.672279 0.990490
23.756934 1.008628
23.846328 1.013547
23.856951 1.033323
23.879924 1.026540
24.101545 1.049726
24.141947 1.060252
24.162663 1.047216
24.163511 1.034029
24.257627 1.032466
24.310801 1.056966
24.339139 1.027587
24.378362 1.062740
24.439517 1.057424
24.489329 1.041189
24.564720 1.064028
24.581874 1.021283
24.662760 1.010517
24.676107 1.048747
24.717567 1.012801
24.724533 1.035355
24.763948 1.018590
24.772571 1.015263
24.883079 1.019742
24.961350 0.998123
25.041167 1.001364
25.074899 0.973698
25.094432 0.972085
25.102866 0.980318
25.146608 0.965503
25.169209 0.956159
25.206264 0.971972
25.347476 0.958055
25.394620 0.948786
25.455383 0.954307
25.470600 0.953439
25.515082 0.945835
25.521494 0.957052
25.546025 0.949843
25.683159 0.973169
25.695716 0.957460
25.740891 0.946780
25.770627 0.956796
25.783535 0.953142
25.790242 0.966213
25.828319 0.961454
25.871545 0.948523
25.873196 0.950643
25.954466 0.968227
26.008493 0.976851
26.057604 0.999172
26.111584 0.971671
26.113152 0.965211
26.205951 0.987242
26.212044 1.004984
26.215333 1.009377
26.218228 1.015027
26.242667 1.011963
26.271287 1.013144
26.311492 1.016660
26.470040 1.032716
26.579396 1.029509
26.789187 1.061083
26.852834 1.046269
26.972366 1.055615
27.082199 1.029652
27.172972 1.013760
27.188615 1.041936
27.294769 1.026069
27.319299 1.011101
27.489269 0.981644
27.531639 0.970417
27.581672 0.963798
27.630686 0.984310
27.708537 0.966519
27.723793 0.940514
27.750874 0.979803
27.789941 0.961445
27.948178 0.957653
28.082460 0.966368
28.084173 0.978391
28.153315 0.950145
28.266748 0.961251
28.289049 0.953715
28.313476 0.959029
28.323117 0.954098
28.339665 0.980027
28.394283 0.986676
28.446329 0.967215
28.466785 0.967888
28.490086 0.997323
28.505564 0.977509
28.551525 0.988207
28.572432 1.008806
28.600120 0.984530
28.657858 1.015233
28.728913 1.011632
28.764317 1.003016
28.779586 1.025323
28.875486 1.015727
28.956036 1.034571
29.014119 1.036701
29.120716 1.057543
29.151959 1.045133
29.182886 1.042450
29.298799 1.050862
29.414706 1.046258
29.464805 1.046652
29.542580 1.040497
29.563028 1.047056
29.653707 1.035083
29.715622 1.033454
29.727564 1.013607
29.730173 1.019662
29.742764 1.026778
29.930612 1.011454
29.934921 0.981126
29.972095 0.985993
